142
91
86
89
191
254
174
182
58
151
89
68
86
81
175
247
160
183
89
183
86
151
58
122
89
150
131
175
60
86
68
89
174
254
89
91
53
183
122
89
126
89
65
89
35
89
151
254
68
89
152
89
89
112
131
175
89
122
86
81
53
175
174
183
247
89
175
86
151
122
131
254
122
89
183
91
86
89
91
53
183
122
89
150
86
175
86
89
60
254
131
150
254
89
131
254
200
247
89
108
247
89
183
91
86
174
175
89
254
53
58
108
86
175
122
89
89
150
150
150
89
68
131
183
89
108
200
86
183
81
91
200
86
247
160
151
175
60
89
68
131
183
89
131
175
182
89
68
131
183
89
53
60